error(train): 0.0738255033557047
error(test): 0.1927710843373494