error(train): 0.370833
error(test): 0.380000