epoch=1 crossentropy(train): 4280.617062138031
epoch=1 crossentropy(validation): 695.1507591021143
epoch=2 crossentropy(train): 4286.226435402387
epoch=2 crossentropy(validation): 696.2862880031404
error(train): 0.9
error(validation): 0.9