epoch=1 crossentropy(train): 5.833880177707831
epoch=1 crossentropy(validation): 6.032875799099376
error(train): 0.5
error(validation): 1.0